            0.1 -2.6321864e-07             25
            0.2 -1.5786172e-07             25
            0.3   1.227554e-07  6.1377701e-07
            0.4   5.329103e-07  2.6645515e-06
            0.5      0.5000006     0.62500076
            0.6     0.62500078     0.78125097
            0.7     0.62500115     0.78125144
            0.8     0.62500136      0.7812517
            0.9     0.62500156     0.78125195
              1      0.6250014     0.78125175
            1.1     0.75000155     0.93750194
            1.2     0.87500155      1.0937519
            1.3     0.87500113      1.0937514
            1.4     0.87500113      1.0937514
            1.5     0.87500098      1.0937512
            1.6     0.87500155      1.0937519
            1.7      1.0000008       1.250001
            1.8      1.0000008       1.250001
            1.9      1.0000005      1.2500007
              2      1.0000005      1.2500007
            2.1      1.0000003      1.2500003
            2.2      1.0000002      1.2500003
            2.3      1.1250001      1.4062501
            2.4          1.125        1.40625
            2.5          1.125      1.4062501
            2.6      1.1249997      1.4062497
            2.7      1.1249996      1.4062495
            2.8      1.1249993      1.4062492
            2.9      1.2499993      1.5624991
              3      1.2499989      1.5624986
            3.1      1.2499993      1.5624991
            3.2      1.2499993      1.5624992
            3.3      1.2499997      1.5624996
            3.4           1.25      1.5624999
            3.5      1.3749993      1.7187491
            3.6      1.3749992       1.718749
            3.7      1.3749991      1.7187489
            3.8      1.3749992      1.7187491
            3.9      1.3749988      1.7187484
              4      1.3749983      1.7187479
            4.1       1.499998      1.8749975
            4.2      1.4999977      1.8749972
            4.3      1.4999974      1.8749967
            4.4      1.4999973      1.8749966
            4.5      1.4999971      1.8749964
            4.6      1.4999967      1.8749959
            4.7      1.6249966      2.0312458
            4.8       1.749997      2.1874962
            4.9      1.7499966      2.1874958
              5      1.7499966      2.1874958
            5.1      1.7499969      2.1874962
            5.2      1.7499973      2.1874966
            5.3      1.8749976       2.343747
            5.4      1.9999978      2.4999972
            5.5      1.9999983      2.4999978
            5.6      1.9999981      2.4999977
            5.7      1.9999982      2.4999978
            5.8      1.9999983      2.4999978
            5.9      2.1249982      2.6562477
              6      2.2499983      2.8124979
            6.1      2.2499979      2.8124974
            6.2      2.2499981      2.8124976
            6.3      2.2499983      2.8124978
            6.4       2.249998      2.8124975
            6.5       2.374998      2.9687475
            6.6      2.4999979      3.1249973
            6.7      2.4999983      3.1249978
            6.8      2.4999983      3.1249979
            6.9      2.4999986      3.1249983
              7      2.4999984       3.124998
            7.1      2.6249981      3.2812476
            7.2      2.7499981      3.4374977
            7.3      2.7499981      3.4374976
            7.4      2.7499979      3.4374973
            7.5      2.7499979      3.4374974
            7.6      2.7499979      3.4374974
            7.7      2.8749979      3.5937474
            7.8      2.9999984       3.749998
            7.9      2.9999982      3.7499977
              8      2.9999984       3.749998
            8.1      2.9999981      3.7499976
            8.2       2.999998      3.7499975
            8.3      3.1249981      3.9062476
            8.4       3.249998      4.0624975
            8.5      3.2499979      4.0624973
            8.6      3.2499978      4.0624972
            8.7      3.2499973      4.0624966
            8.8      3.2499974      4.0624968
            8.9      3.3749975      4.2187468
              9      3.4999977      4.3749971
            9.1      3.4999979      4.3749974
            9.2      3.4999982      4.3749977
            9.3      3.4999983      4.3749978
            9.4      3.4999982      4.3749977
            9.5      3.6249983      4.5312479
            9.6      3.7499982      4.6874977
            9.7      3.7499986      4.6874982
            9.8      3.7499984       4.687498
            9.9      3.7499975      4.6874969
             10      3.7499976      4.6874969
           10.1      3.8749975      4.8437468
           10.2      3.9999977      4.9999971
           10.3      3.9999978      4.9999972
           10.4      3.9999981      4.9999976
           10.5       3.999998      4.9999975
           10.6       3.999998      4.9999975
           10.7      4.1249978      5.1562472
           10.8      4.2499977      5.3124972
           10.9      4.2499979      5.3124974
             11      4.2499974      5.3124967
           11.1      4.2499979      5.3124974
           11.2      4.2499978      5.3124973
           11.3      4.3749976       5.468747
           11.4      4.4999972      5.6249966
           11.5      4.4999976       5.624997
           11.6      4.4999974      5.6249967
           11.7      4.4999976       5.624997
           11.8      4.4999979      5.6249974
           11.9      4.6249981      5.7812476
             12      4.7499986      5.9374982
           12.1      4.7499983      5.9374979
           12.2       4.749998      5.9374974
           12.3      4.7499977      5.9374971
           12.4      4.7499977      5.9374971
           12.5      4.8749978      6.0937473
           12.6      4.9999975      6.2499968
           12.7      4.9999976       6.249997
           12.8      4.9999971      6.2499964
           12.9      4.9999972      6.2499965
             13      4.9999974      6.2499968
           13.1      5.1249972      6.4062465
           13.2      5.2499971      6.5624964
           13.3      5.2499968       6.562496
           13.4      5.2499968      6.5624961
           13.5      5.2499966      6.5624957
           13.6      5.2499967      6.5624959
           13.7      5.3749967      6.7187459
           13.8       5.499997      6.8749962
           13.9      5.4999965      6.8749956
             14      5.4999963      6.8749953
           14.1      5.4999959      6.8749949
           14.2      5.4999959      6.8749948
           14.3      5.6249962      7.0312452
           14.4      5.7499962      7.1874953
           14.5      5.7499961      7.1874951
           14.6       5.749996       7.187495
           14.7      5.7499956      7.1874945
           14.8      5.7499961      7.1874951
           14.9      5.8749968       7.343746
             15      5.9999963      7.4999954
           15.1       5.999996       7.499995
           15.2      5.9999961      7.4999951
           15.3      5.9999959      7.4999949
           15.4      5.9999953      7.4999942
           15.5       6.124995      7.6562438
           15.6      6.2499949      7.8124937
           15.7      6.2499949      7.8124936
           15.8      6.2499946      7.8124932
           15.9      6.2499944      7.8124931
             16      6.2499949      7.8124937
           16.1      6.3749953      7.9687441
           16.2       6.499995      8.1249938
           16.3      6.4999949      8.1249937
           16.4      6.4999944       8.124993
           16.5      6.4999945      8.1249932
           16.6      6.4999945      8.1249931
           16.7      6.6249945      8.2812432
           16.8      6.7499948      8.4374935
           16.9      6.7499946      8.4374932
             17      6.7499951      8.4374938
           17.1      6.7499953      8.4374941
           17.2       6.749995      8.4374938
           17.3      6.8749949      8.5937436
           17.4      6.9999949      8.7499936
           17.5      6.9999948      8.7499935
           17.6      6.9999947      8.7499934
           17.7      6.9999949      8.7499937
           17.8      6.9999953      8.7499941
           17.9      7.1249952       8.906244
             18      7.2499948      9.0624935
           18.1      7.2499948      9.0624935
           18.2      7.2499951      9.0624939
           18.3       7.249995      9.0624937
           18.4      7.2499948      9.0624935
           18.5      7.3749944       9.218743
           18.6      7.4999942      9.3749928
           18.7      7.4999946      9.3749932
           18.8      7.4999944       9.374993
           18.9      7.4999943      9.3749929
             19       7.499994      9.3749924
           19.1       7.624994      9.5312425
           19.2      7.6249938      9.5312422
           19.3      7.6249932      9.5312415
           19.4      7.6249936       9.531242
           19.5      7.6249936      9.5312421
           19.6      7.6249938      9.5312423
           19.7      7.7499938      9.6874922
           19.8      7.7499932      9.6874915
           19.9      7.7499929      9.6874912
             20      7.7499929      9.6874911
           20.1      7.7499928       9.687491
           20.2      7.7499927      9.6874909
           20.3      7.8749928       9.843741
           20.4      7.8749935      9.8437419
           20.5      7.8749936       9.843742
           20.6       7.874993      9.8437413
           20.7      7.8749934      9.8437418
           20.8       7.874994      9.8437425
           20.9      7.9999943      9.9999928
             21      7.9999945      9.9999931
           21.1      7.9999945      9.9999932
           21.2      7.9999947      9.9999934
           21.3      7.9999949      9.9999937
           21.4      7.9999946      9.9999933
           21.5      8.1249943      10.156243
           21.6      8.1249948      10.156243
           21.7      8.1249945      10.156243
           21.8       8.124994      10.156242
           21.9      8.1249941      10.156243
             22      8.1249937      10.156242
           22.1      8.2499939      10.312492
           22.2      8.2499941      10.312493
           22.3      8.2499943      10.312493
           22.4      8.2499941      10.312493
           22.5      8.2499938      10.312492
           22.6      8.2499939      10.312492
           22.7      8.3749939      10.468742
           22.8      8.3749938      10.468742
           22.9      8.3749946      10.468743
             23       8.374995      10.468744
           23.1      8.3749951      10.468744
           23.2       8.374995      10.468744
           23.3      8.4999954      10.624994
           23.4      8.4999956      10.624995
           23.5      8.4999953      10.624994
           23.6      8.4999953      10.624994
           23.7      8.4999954      10.624994
           23.8      8.4999953      10.624994
           23.9      8.6249954      10.781244
             24      8.6249949      10.781244
           24.1      8.6249952      10.781244
           24.2      8.6249952      10.781244
           24.3      8.6249947      10.781243
           24.4      8.6249947      10.781243
           24.5      8.7499949      10.937494
           24.6       8.749995      10.937494
           24.7      8.7499955      10.937494
           24.8      8.7499958      10.937495
           24.9      8.7499958      10.937495
             25      8.7499958      10.937495
           25.1       8.874996      11.093745
           25.2       8.874996      11.093745
           25.3      8.8749963      11.093745
           25.4      8.8749971      11.093746
           25.5       8.874997      11.093746
           25.6      8.8749976      11.093747
           25.7      8.9999977      11.249997
           25.8      8.9999974      11.249997
           25.9      8.9999972      11.249996
             26      8.9999968      11.249996
           26.1      8.9999968      11.249996
           26.2      8.9999973      11.249997
           26.3       9.124997      11.406246
           26.4      9.1249975      11.406247
           26.5      9.1249973      11.406247
           26.6      9.1249971      11.406246
           26.7      9.1249973      11.406247
           26.8      9.1249969      11.406246
           26.9      9.2499972      11.562496
             27      9.2499969      11.562496
           27.1      9.2499967      11.562496
           27.2      9.2499965      11.562496
           27.3      9.2499966      11.562496
           27.4      9.2499971      11.562496
           27.5      9.3749972      11.718747
           27.6      9.3749972      11.718747
           27.7      9.3749969      11.718746
           27.8      9.3749969      11.718746
           27.9      9.3749969      11.718746
             28      9.3749971      11.718746
           28.1       9.499997      11.874996
           28.2       9.499997      11.874996
           28.3      9.4999974      11.874997
           28.4      9.4999973      11.874997
           28.5      9.4999971      11.874996
           28.6      9.4999969      11.874996
           28.7      9.6249968      12.031246
           28.8      9.6249962      12.031245
           28.9      9.6249964      12.031246
             29      9.6249961      12.031245
           29.1      9.6249958      12.031245
           29.2      9.6249963      12.031245
           29.3      9.7499958      12.187495
           29.4      9.7499956      12.187494
           29.5      9.7499957      12.187495
           29.6      9.7499952      12.187494
           29.7      9.7499947      12.187493
           29.8      9.7499949      12.187494
           29.9      9.8749943      12.343743
             30      9.8749941      12.343743
           30.1      9.8749946      12.343743
           30.2      9.8749942      12.343743
           30.3      9.8749943      12.343743
           30.4      9.8749949      12.343744
           30.5      9.9999948      12.499994
           30.6      9.9999953      12.499994
           30.7      9.9999949      12.499994
           30.8      9.9999948      12.499993
           30.9      9.9999949      12.499994
             31      9.9999947      12.499993
           31.1      10.124994      12.656243
           31.2      10.124994      12.656242
           31.3      10.124994      12.656243
           31.4      10.124994      12.656242
           31.5      10.124994      12.656243
           31.6      10.124994      12.656243
           31.7      10.249994      12.812493
           31.8      10.249994      12.812493
           31.9      10.249994      12.812493
             32      10.249994      12.812493
           32.1      10.249994      12.812493
           32.2      10.249995      12.812493
           32.3      10.374995      12.968744
           32.4      10.374995      12.968744
           32.5      10.374995      12.968743
           32.6      10.374995      12.968743
           32.7      10.374994      12.968743
           32.8      10.374995      12.968743
           32.9      10.499995      13.124993
             33      10.499994      13.124993
           33.1      10.499995      13.124993
           33.2      10.499995      13.124993
           33.3      10.499995      13.124993
           33.4      10.499995      13.124994
           33.5      10.624995      13.281244
           33.6      10.624995      13.281244
           33.7      10.624996      13.281244
           33.8      10.624996      13.281245
           33.9      10.624996      13.281244
             34      10.624996      13.281244
           34.1      10.749995      13.437494
           34.2      10.749995      13.437494
           34.3      10.749995      13.437494
           34.4      10.749995      13.437494
           34.5      10.749995      13.437494
           34.6      10.749995      13.437494
           34.7      10.874995      13.593744
           34.8      10.874994      13.593743
           34.9      10.874994      13.593743
             35      10.874994      13.593743
           35.1      10.874994      13.593743
           35.2      10.874994      13.593743
           35.3      10.999995      13.749993
           35.4      10.999995      13.749994
           35.5      10.999995      13.749993
           35.6      10.999995      13.749993
           35.7      10.999994      13.749993
           35.8      10.999995      13.749993
           35.9      11.124994      13.906243
             36      11.124994      13.906243
           36.1      11.124994      13.906243
           36.2      11.124995      13.906243
           36.3      11.124995      13.906243
           36.4      11.124995      13.906243
           36.5      11.249995      14.062493
           36.6      11.249995      14.062494
           36.7      11.249995      14.062494
           36.8      11.249995      14.062493
           36.9      11.249995      14.062493
             37      11.249994      14.062493
           37.1      11.374994      14.218743
           37.2      11.374995      14.218743
           37.3      11.374995      14.218743
           37.4      11.374994      14.218742
           37.5      11.374994      14.218742
           37.6      11.374994      14.218742
           37.7      11.499993      14.374992
           37.8      11.499993      14.374992
           37.9      11.499994      14.374993
             38      11.499994      14.374993
           38.1      11.499994      14.374992
           38.2      11.499994      14.374992
           38.3      11.624993      14.531242
           38.4      11.624993      14.531242
           38.5      11.624993      14.531241
           38.6      11.624993      14.531241
           38.7      11.624992      14.531241
           38.8      11.624992      14.531241
           38.9      11.749992       14.68749
             39      11.749992       14.68749
           39.1      11.749992       14.68749
           39.2      11.749992       14.68749
           39.3      11.749992       14.68749
           39.4      11.749992       14.68749
           39.5      11.874992       14.84374
           39.6      11.874992       14.84374
           39.7      11.874992       14.84374
           39.8      11.874993      14.843741
           39.9      11.874993      14.843741
             40      11.874993      14.843741
           40.1      11.999993      14.999991
           40.2      11.999993      14.999991
           40.3      11.999993      14.999991
           40.4      11.999992       14.99999
           40.5      11.999992       14.99999
           40.6      11.999993      14.999991
           40.7      12.124993      15.156241
           40.8      12.124993      15.156241
           40.9      12.124994      15.156242
             41      12.124994      15.156242
           41.1      12.124994      15.156242
           41.2      12.124994      15.156242
           41.3      12.249994      15.312493
           41.4      12.249994      15.312493
           41.5      12.249994      15.312493
           41.6      12.249994      15.312493
           41.7      12.249995      15.312493
           41.8      12.249994      15.312493
           41.9      12.374994      15.468743
             42      12.374995      15.468743
           42.1      12.374994      15.468743
           42.2      12.374995      15.468744
           42.3      12.374995      15.468744
           42.4      12.374995      15.468744
           42.5      12.499996      15.624994
           42.6      12.499996      15.624995
           42.7      12.499996      15.624994
           42.8      12.499996      15.624995
           42.9      12.499996      15.624995
             43      12.499996      15.624995
           43.1      12.624996      15.781245
           43.2      12.624995      15.781244
           43.3      12.624996      15.781244
           43.4      12.624996      15.781245
           43.5      12.624996      15.781245
           43.6      12.624996      15.781245
           43.7      12.749996      15.937495
           43.8      12.749996      15.937496
           43.9      12.749997      15.937496
             44      12.749997      15.937496
           44.1      12.749997      15.937497
           44.2      12.749997      15.937497
           44.3      12.874997      16.093746
           44.4      12.874997      16.093746
           44.5      12.874997      16.093746
           44.6      12.874997      16.093746
           44.7      12.874996      16.093746
           44.8      12.874997      16.093746
           44.9      12.999997      16.249996
             45      12.999996      16.249995
           45.1      12.999996      16.249995
           45.2      12.999997      16.249996
           45.3      12.999997      16.249996
           45.4      12.999997      16.249996
           45.5      13.124997      16.406246
           45.6      13.124996      16.406245
           45.7      13.124996      16.406245
           45.8      13.124997      16.406246
           45.9      13.124996      16.406245
             46      13.124996      16.406245
           46.1      13.249995      16.562494
           46.2      13.249995      16.562494
           46.3      13.249995      16.562494
           46.4      13.249995      16.562494
           46.5      13.249995      16.562493
           46.6      13.249995      16.562494
           46.7      13.374995      16.718744
           46.8      13.374995      16.718744
           46.9      13.374995      16.718744
             47      13.374995      16.718744
           47.1      13.374996      16.718745
           47.2      13.374996      16.718745
           47.3      13.499996      16.874995
           47.4      13.499996      16.874995
           47.5      13.499996      16.874995
           47.6      13.499996      16.874995
           47.7      13.499996      16.874995
           47.8      13.499996      16.874995
           47.9      13.624996      17.031245
             48      13.624996      17.031245
           48.1      13.624995      17.031244
           48.2      13.624995      17.031243
           48.3      13.624995      17.031243
           48.4      13.624995      17.031243
           48.5      13.749995      17.187494
           48.6      13.749995      17.187493
           48.7      13.749995      17.187494
           48.8      13.749995      17.187494
           48.9      13.749995      17.187494
             49      13.749994      17.187493
           49.1      13.874995      17.343744
           49.2      13.874995      17.343744
           49.3      13.874995      17.343744
           49.4      13.874994      17.343743
           49.5      13.874994      17.343743
           49.6      13.874995      17.343743
           49.7      13.999995      17.499993
           49.8      13.999995      17.499994
           49.9      13.999995      17.499994
             50      13.999995      17.499994
           50.1      13.999995      17.499994
           50.2      13.999995      17.499994
           50.3      14.124995      17.656244
           50.4      14.124995      17.656244
           50.5      14.124995      17.656244
           50.6      14.124996      17.656245
           50.7      14.124996      17.656245
           50.8      14.124996      17.656245
           50.9      14.249996      17.812496
             51      14.249996      17.812495
           51.1      14.249996      17.812495
           51.2      14.249996      17.812495
           51.3      14.249996      17.812495
           51.4      14.249995      17.812494
           51.5      14.374996      17.968744
           51.6      14.374995      17.968744
           51.7      14.374995      17.968743
           51.8      14.374995      17.968743
           51.9      14.374994      17.968743
             52      14.374994      17.968742
           52.1      14.499994      18.124992
           52.2      14.499994      18.124993
           52.3      14.499994      18.124993
           52.4      14.499994      18.124993
           52.5      14.499994      18.124993
           52.6      14.499995      18.124993
           52.7      14.624995      18.281244
           52.8      14.624995      18.281244
           52.9      14.624995      18.281244
             53      14.624995      18.281244
           53.1      14.624995      18.281243
           53.2      14.624994      18.281243
           53.3      14.749994      18.437493
           53.4      14.749994      18.437492
           53.5      14.749994      18.437492
           53.6      14.749994      18.437493
           53.7      14.749994      18.437492
           53.8      14.749994      18.437492
           53.9      14.874994      18.593742
             54      14.874994      18.593742
           54.1      14.874993      18.593742
           54.2      14.874993      18.593741
           54.3      14.874993      18.593741
           54.4      14.874993      18.593741
           54.5      14.999993      18.749991
           54.6      14.999993      18.749991
           54.7      14.999993      18.749991
           54.8      14.999993      18.749991
           54.9      14.999992       18.74999
             55      14.999993      18.749991
           55.1      15.124992       18.90624
           55.2      15.124993      18.906241
           55.3      15.124992       18.90624
           55.4      15.124992       18.90624
           55.5      15.124992      18.906241
           55.6      15.124992      18.906241
           55.7      15.249993      19.062491
           55.8      15.249993      19.062492
           55.9      15.249993      19.062491
             56      15.249993      19.062491
           56.1      15.249993      19.062491
           56.2      15.249993      19.062491
           56.3      15.374993      19.218741
           56.4      15.374993      19.218741
           56.5      15.374992       19.21874
           56.6      15.374993      19.218741
           56.7      15.374993      19.218741
           56.8      15.374993      19.218741
           56.9      15.499993      19.374991
             57      15.499992      19.374991
           57.1      15.499992       19.37499
           57.2      15.499992      19.374989
           57.3      15.499992       19.37499
           57.4      15.499992       19.37499
           57.5      15.624992       19.53124
           57.6      15.624993      19.531241
           57.7      15.624992       19.53124
           57.8      15.624993      19.531241
           57.9      15.624992       19.53124
             58      15.624992       19.53124
           58.1      15.749992       19.68749
           58.2      15.749992       19.68749
           58.3      15.749992       19.68749
           58.4      15.749993      19.687491
           58.5      15.749992       19.68749
           58.6      15.749992       19.68749
           58.7      15.874992       19.84374
           58.8      15.874991      19.843739
           58.9      15.874991      19.843739
             59      15.874991      19.843739
           59.1      15.874991      19.843739
           59.2      15.874991      19.843738
           59.3       15.99999      19.999988
           59.4       15.99999      19.999988
           59.5       15.99999      19.999988
           59.6       15.99999      19.999987
           59.7       15.99999      19.999987
           59.8       15.99999      19.999987
           59.9      16.124989      20.156237
             60       16.12499      20.156237
           60.1       16.12499      20.156237
           60.2       16.12499      20.156237
           60.3       16.12499      20.156237
           60.4       16.12499      20.156237
           60.5      16.249989      20.312487
           60.6      16.249989      20.312487
           60.7      16.249989      20.312487
           60.8      16.249989      20.312487
           60.9      16.249989      20.312486
             61      16.249989      20.312486
           61.1      16.374989      20.468736
           61.2      16.374989      20.468737
           61.3      16.374989      20.468737
           61.4      16.374989      20.468736
           61.5      16.374989      20.468736
           61.6      16.374989      20.468736
           61.7      16.499989      20.624986
           61.8      16.499989      20.624986
           61.9      16.499989      20.624986
             62      16.499989      20.624987
           62.1      16.499989      20.624986
           62.2      16.499989      20.624986
           62.3      16.624989      20.781236
           62.4      16.624989      20.781236
           62.5      16.624989      20.781236
           62.6      16.624988      20.781235
           62.7      16.624988      20.781235
           62.8      16.624988      20.781235
           62.9      16.749988      20.937485
             63      16.749988      20.937485
           63.1      16.749988      20.937485
           63.2      16.749989      20.937486
           63.3      16.749989      20.937486
           63.4      16.749989      20.937486
           63.5      16.874989      21.093736
           63.6      16.874989      21.093736
           63.7      16.874989      21.093736
           63.8      16.874989      21.093736
           63.9      16.874988      21.093735
             64      16.874988      21.093735
           64.1      16.999988      21.249985
           64.2      16.999988      21.249985
           64.3      16.999988      21.249985
           64.4      16.999988      21.249986
           64.5      16.999989      21.249986
           64.6      16.999989      21.249986
           64.7      17.124989      21.406237
           64.8      17.124989      21.406236
           64.9      17.124989      21.406236
             65      17.124988      21.406236
           65.1      17.124988      21.406236
           65.2      17.124988      21.406235
           65.3      17.249988      21.562485
           65.4      17.249988      21.562485
           65.5      17.249989      21.562486
           65.6      17.249989      21.562486
           65.7      17.249989      21.562486
           65.8      17.249989      21.562486
           65.9      17.374989      21.718736
             66      17.374989      21.718736
           66.1      17.374989      21.718736
           66.2      17.374989      21.718736
           66.3      17.374989      21.718736
           66.4      17.374989      21.718736
           66.5      17.499988      21.874985
           66.6      17.499988      21.874985
           66.7      17.499988      21.874985
           66.8      17.499988      21.874985
           66.9      17.499988      21.874985
             67      17.499988      21.874985
           67.1      17.624988      22.031235
           67.2      17.624989      22.031236
           67.3       17.62499      22.031237
           67.4      17.624989      22.031237
           67.5      17.624989      22.031236
           67.6      17.624988      22.031236
           67.7      17.749989      22.187486
           67.8      17.749988      22.187485
           67.9      17.749988      22.187485
             68      17.749988      22.187485
           68.1      17.749989      22.187486
           68.2      17.749988      22.187485
           68.3      17.874988      22.343735
           68.4      17.874988      22.343735
           68.5      17.874988      22.343735
           68.6      17.874988      22.343735
           68.7      17.874988      22.343735
           68.8      17.874988      22.343735
           68.9      17.999988      22.499986
             69      17.999988      22.499985
           69.1      17.999988      22.499985
           69.2      17.999989      22.499986
           69.3      17.999989      22.499986
           69.4      17.999989      22.499986
           69.5      18.124988      22.656235
           69.6      18.124988      22.656235
           69.7      18.124988      22.656235
           69.8      18.124988      22.656236
           69.9      18.124988      22.656235
             70      18.124988      22.656236
           70.1      18.249989      22.812486
           70.2      18.249988      22.812485
           70.3      18.249988      22.812485
           70.4      18.249988      22.812485
           70.5      18.249988      22.812485
           70.6      18.249988      22.812485
           70.7      18.374988      22.968735
           70.8      18.374988      22.968735
           70.9      18.374988      22.968735
             71      18.374988      22.968735
           71.1      18.374988      22.968735
           71.2      18.374988      22.968736
           71.3      18.499989      23.124986
           71.4      18.499989      23.124986
           71.5      18.499988      23.124985
           71.6      18.499988      23.124985
           71.7      18.499988      23.124985
           71.8      18.499988      23.124985
           71.9      18.624988      23.281235
             72      18.624988      23.281235
           72.1      18.624988      23.281235
           72.2      18.624988      23.281235
           72.3      18.624988      23.281235
           72.4      18.624988      23.281235
           72.5      18.749989      23.437486
           72.6      18.749989      23.437486
           72.7      18.749989      23.437487
           72.8       18.74999      23.437487
           72.9       18.74999      23.437487
             73       18.74999      23.437487
           73.1       18.87499      23.593737
           73.2       18.87499      23.593738
           73.3       18.87499      23.593738
           73.4       18.87499      23.593737
           73.5       18.87499      23.593737
           73.6      18.874989      23.593737
           73.7      18.999989      23.749987
           73.8       18.99999      23.749987
           73.9       18.99999      23.749988
             74       18.99999      23.749988
           74.1      18.999991      23.749989
           74.2      18.999991      23.749989
           74.3      19.124991      23.906239
           74.4      19.124991      23.906239
           74.5      19.124992       23.90624
           74.6      19.124992       23.90624
           74.7      19.124992       23.90624
           74.8      19.124992       23.90624
           74.9      19.249991      24.062489
             75      19.249992       24.06249
           75.1      19.249992       24.06249
           75.2      19.249992       24.06249
           75.3      19.249992      24.062491
           75.4      19.249993      24.062491
           75.5      19.374993      24.218741
           75.6      19.499993      24.374991
           75.7      19.499993      24.374991
           75.8      19.499993      24.374991
           75.9      19.499993      24.374991
             76      19.499993      24.374991
           76.1      19.624993      24.531241
           76.2      19.749992       24.68749
           76.3      19.749993      24.687491
           76.4      19.749993      24.687491
           76.5      19.749992       24.68749
           76.6      19.749992       24.68749
           76.7      19.874992      24.843739
           76.8      19.999991      24.999989
           76.9      19.999992       24.99999
             77      19.999991      24.999989
           77.1      19.999991      24.999989
           77.2      19.999991      24.999989
           77.3      20.124991     0.62495382
           77.4      20.624991     0.78123831
           77.5      20.624991     0.78123832
           77.6      20.624991     0.78123819
           77.7       20.62499     0.78123809
           77.8      20.624991      0.7812383
           77.9      20.749991     0.93748913
             78      20.874991      1.0937386
           78.1      20.874991      1.0937388
           78.2      20.874991      1.0937388
           78.3      20.874991      1.0937388
           78.4      20.874991      1.0937391
           78.5      20.999992      1.2499897
           78.6      21.124992      1.4062397
           78.7      21.124992      1.4062398
           78.8      21.124992      1.4062398
           78.9      21.124991      1.4062392
             79      21.124991      1.4062392
           79.1      21.249992      1.5624894
           79.2      21.374992      1.7187396
           79.3      21.374992        1.71874
           79.4      21.374992        1.71874
           79.5      21.374992      1.7187401
           79.6      21.374992      1.7187403
           79.7      21.499992      1.8749902
           79.8      21.624993      2.0312407
           79.9      21.624993      2.0312409
             80      21.624993      2.0312409
           80.1      21.624993      2.0312411
           80.2      21.624993      2.0312418
           80.3      21.749994      2.1874926
           80.4      21.874995      2.3437433
           80.5      21.874995      2.3437435
           80.6      21.874994      2.3437429
           80.7      21.874994      2.3437429
           80.8      21.874994      2.3437431
           80.9      21.999994      2.4999928
             81      22.124994      2.6562425
           81.1      22.124994      2.6562426
           81.2      22.124994      2.6562424
           81.3      22.124994      2.6562423
           81.4      22.124994      2.6562427
           81.5      22.249994      2.8124925
           81.6      22.374994      2.9687427
           81.7      22.374994      2.9687427
           81.8      22.374994      2.9687428
           81.9      22.374994      2.9687423
             82      22.374994      2.9687425
           82.1      22.499994      3.1249925
           82.2      22.624994      3.2812422
           82.3      22.624994      3.2812426
           82.4      22.624994      3.2812424
           82.5      22.624994      3.2812424
           82.6      22.624994      3.2812419
           82.7      22.749993      3.4374915
           82.8      22.874993      3.5937415
           82.9      22.874993      3.5937414
             83      22.874993      3.5937408
           83.1      22.874992      3.5937405
           83.2      22.874992      3.5937404
           83.3      22.999992      3.7499905
           83.4      23.124992      3.9062406
           83.5      23.124992      3.9062406
           83.6      23.124992      3.9062404
           83.7      23.124993      3.9062411
           83.8      23.124993      3.9062411
           83.9      23.249993      4.0624911
             84      23.374993      4.2187408
           84.1      23.374993      4.2187408
           84.2      23.374992      4.2187405
           84.3      23.374993      4.2187407
           84.4      23.374992      4.2187403
           84.5      23.499993      4.3749911
           84.6      23.624993      4.5312407
           84.7      23.624992      4.5312404
           84.8      23.624992      4.5312404
           84.9      23.624992      4.5312404
             85      23.624993      4.5312411
           85.1      23.749993      4.6874913
           85.2      23.874993       4.843741
           85.3      23.874993      4.8437407
           85.4      23.874993       4.843741
           85.5      23.874993      4.8437413
           85.6      23.874993      4.8437412
           85.7      23.999993      4.9999913
           85.8      24.124993      5.1562414
           85.9      24.124993      5.1562412
             86      24.124992      5.1562406
           86.1      24.124992      5.1562405
           86.2      24.124992      5.1562401
           86.3      24.249991      5.3124893
           86.4      24.374992      5.4687399
           86.5      24.374992        5.46874
           86.6      24.374992      5.4687404
           86.7      24.374992      5.4687402
           86.8      24.374992      5.4687398
           86.9      24.499992      5.6249896
             87      24.624992      5.7812397
           87.1      24.624991      5.7812393
           87.2      24.624991       5.781239
           87.3       24.62499      5.7812381
           87.4       24.62499      5.7812378
           87.5       24.74999      5.9374875
           87.6       24.87499      6.0937369
           87.7       24.87499      6.0937373
           87.8      24.874989      6.0937366
           87.9      24.874989      6.0937363
             88      24.874988      6.0937356
           88.1      24.999988      6.2499851
           88.2      25.124988      6.4062354
           88.3      25.124988      6.4062354
           88.4      25.124989      6.4062357
           88.5      25.124988      6.4062353
           88.6      25.124989      6.4062359
           88.7      25.249988      6.5624856
           88.8      25.374988       6.718735
           88.9      25.374988      6.7187345
             89      25.374987      6.7187342
           89.1      25.374987      6.7187335
           89.2      25.374987       6.718734
           89.3      25.499988      6.8749844
           89.4      25.624987      7.0312342
           89.5      25.624987      7.0312337
           89.6      25.624987      7.0312341
           89.7      25.624988      7.0312345
           89.8      25.624987      7.0312343
           89.9      25.749988      7.1874848
             90      25.874988      7.3437348
           90.1      25.874988      7.3437348
           90.2      25.874988       7.343735
           90.3      25.874988       7.343735
           90.4      25.874988      7.3437346
           90.5      25.999988      7.4999853
           90.6      26.124989      7.6562357
           90.7      26.124989      7.6562362
           90.8      26.124989      7.6562359
           90.9      26.124989      7.6562363
             91      26.124989      7.6562364
           91.1      26.249989      7.8124858
           91.2      26.374989      7.9687357
           91.3      26.374989      7.9687362
           91.4      26.374989      7.9687362
           91.5      26.374989      7.9687366
           91.6      26.374989      7.9687366
           91.7      26.499989      8.1249867
           91.8      26.624989      8.2812363
           91.9      26.624989      8.2812362
             92      26.624989      8.2812358
           92.1      26.624988      8.2812356
           92.2      26.624988      8.2812351
           92.3      26.749988      8.4374849
           92.4      26.874988      8.5937347
           92.5      26.874988      8.5937354
           92.6      26.874989      8.5937361
           92.7      26.874989       8.593736
           92.8      26.874988      8.5937356
           92.9      26.999988      8.7499854
             93      27.124988      8.9062354
           93.1      27.124988       8.906235
           93.2      27.124988      8.9062344
           93.3      27.124987       8.906234
           93.4      27.124987      8.9062335
           93.5      27.249987      9.0624836
           93.6      27.374988      9.2187345
           93.7      27.374988      9.2187346
           93.8      27.374988      9.2187345
           93.9      27.374988      9.2187345
             94      27.374987      9.2187343
           94.1      27.499988      9.3749846
           94.2      27.624988      9.5312353
           94.3      27.624989      9.5312357
           94.4      27.624989      9.5312368
           94.5      27.624989      9.5312367
           94.6      27.624989      9.5312366
           94.7      27.749989      9.6874867
           94.8      27.874989      9.8437363
           94.9      27.874989      9.8437365
             95      27.874989      9.8437366
           95.1      27.874989      9.8437368
           95.2      27.874989      9.8437366
           95.3      27.999989      9.9999865
           95.4      28.124989      10.156236
           95.5      28.124989      10.156236
           95.6      28.124989      10.156236
           95.7      28.124989      10.156236
           95.8      28.124989      10.156237
           95.9      28.249989      10.312486
             96      28.374989      10.468737
           96.1      28.374989      10.468736
           96.2      28.374989      10.468737
           96.3      28.374989      10.468736
           96.4      28.374989      10.468736
           96.5      28.499989      10.624986
           96.6      28.624989      10.781236
           96.7      28.624989      10.781236
           96.8      28.624989      10.781237
           96.9      28.624989      10.781237
             97       28.62499      10.781237
           97.1       28.74999      10.937487
           97.2       28.87499      11.093738
           97.3       28.87499      11.093737
           97.4       28.87499      11.093738
           97.5       28.87499      11.093737
           97.6       28.87499      11.093737
           97.7       28.99999      11.249987
           97.8       29.12499      11.406238
           97.9       29.12499      11.406237
             98       29.12499      11.406237
           98.1       29.12499      11.406237
           98.2       29.12499      11.406237
           98.3       29.24999      11.562488
           98.4      29.374989      11.718737
           98.5      29.374989      11.718737
           98.6      29.374989      11.718737
           98.7      29.374989      11.718736
           98.8      29.374989      11.718736
           98.9      29.499989      11.874986
             99      29.624988      12.031235
           99.1      29.624988      12.031236
           99.2      29.624989      12.031236
           99.3      29.624989      12.031236
           99.4      29.624989      12.031236
           99.5      29.749989      12.187487
           99.6      29.874989      12.343737
           99.7      29.874989      12.343737
           99.8      29.874989      12.343737
           99.9      29.874989      12.343736
            100      29.874989      12.343736
          100.1      29.999989      12.499986
