              0             50
           0.01             29
           0.02             46
           0.03             45
           0.04             41
           0.05             38
           0.06             49
           0.07             34
           0.08             43
           0.09             43
            0.1             43
           0.11             47
           0.12             52
           0.13             50
           0.14             41
           0.15             50
           0.16             41
           0.17             39
           0.18             37
           0.19             53
            0.2             39
           0.21             54
           0.22             50
           0.23             45
           0.24             40
           0.25            408
           0.26            425
           0.27            399
           0.28            391
           0.29            426
            0.3            424
           0.31            421
           0.32            450
           0.33            449
           0.34            476
           0.35            394
           0.36            460
           0.37            473
           0.38            484
           0.39            481
            0.4            446
           0.41            479
           0.42            495
           0.43            494
           0.44            453
           0.45            484
           0.46            500
           0.47            481
           0.48            481
           0.49            524
            0.5            496
           0.51            501
           0.52            459
           0.53            498
           0.54            504
           0.55            465
           0.56            474
           0.57            509
           0.58            463
           0.59            481
            0.6            514
           0.61            474
           0.62            531
           0.63            502
           0.64            498
           0.65            488
           0.66            522
           0.67            510
           0.68            517
           0.69            506
            0.7            496
           0.71            475
           0.72            484
           0.73            497
           0.74            519
           0.75            507
           0.76            493
           0.77            460
           0.78            501
           0.79            491
            0.8            495
           0.81            527
           0.82            510
           0.83            515
           0.84            484
           0.85            548
           0.86            504
           0.87            475
           0.88            485
           0.89            507
            0.9            501
           0.91            491
           0.92            485
           0.93            480
           0.94            517
           0.95            526
           0.96            555
           0.97            520
           0.98            486
           0.99            486
              1            430
           1.01            438
           1.02            460
           1.03            418
           1.04            442
           1.05            422
           1.06            419
           1.07            403
           1.08            419
           1.09            414
            1.1            411
           1.11            432
           1.12            424
           1.13            424
           1.14            450
           1.15            393
           1.16            402
           1.17            432
           1.18            423
           1.19            413
            1.2            369
           1.21            381
           1.22            415
           1.23            445
           1.24            408
           1.25            418
           1.26            386
           1.27            386
           1.28            392
           1.29            381
            1.3            386
           1.31            394
           1.32            376
           1.33            398
           1.34            397
           1.35            396
           1.36            394
           1.37            360
           1.38            364
           1.39            369
            1.4            397
           1.41            382
           1.42            420
           1.43            422
           1.44            426
           1.45            382
           1.46            414
           1.47            403
           1.48            399
           1.49            404
            1.5            420
           1.51            411
           1.52            383
           1.53            419
           1.54            398
           1.55            391
           1.56            367
           1.57            420
           1.58            418
           1.59            434
            1.6            459
           1.61            424
           1.62            391
           1.63            352
           1.64            410
           1.65            414
           1.66            391
           1.67            412
           1.68            414
           1.69            404
            1.7            382
           1.71            428
           1.72            412
           1.73            416
           1.74            418
           1.75            404
           1.76            387
           1.77            412
           1.78            393
           1.79            445
            1.8            396
           1.81            403
           1.82            414
           1.83            411
           1.84            436
           1.85            425
           1.86            387
           1.87            425
           1.88            392
           1.89            425
            1.9            431
           1.91            392
           1.92            437
           1.93            417
           1.94            439
           1.95            407
           1.96            399
           1.97            387
           1.98            389
           1.99            450
              2            390
           2.01            409
           2.02            388
           2.03            389
           2.04            403
           2.05            408
           2.06            414
           2.07            397
           2.08            414
           2.09            384
            2.1            414
           2.11            390
           2.12            389
           2.13            410
           2.14            418
           2.15            396
           2.16            414
           2.17            372
           2.18            383
           2.19            415
            2.2            380
           2.21            410
           2.22            426
           2.23            406
           2.24            355
           2.25            397
           2.26            381
           2.27            396
           2.28            408
           2.29            417
            2.3            376
           2.31            372
           2.32            403
           2.33            420
           2.34            394
           2.35            380
           2.36            374
           2.37            394
           2.38            391
           2.39            423
            2.4            382
           2.41            392
           2.42            395
           2.43            387
           2.44            368
           2.45            382
           2.46            407
           2.47            425
           2.48            405
           2.49            428
            2.5            423
           2.51            419
           2.52            392
           2.53            388
           2.54            388
           2.55            404
           2.56            359
           2.57            366
           2.58            410
           2.59            411
            2.6            371
           2.61            418
           2.62            371
           2.63            413
           2.64            377
           2.65            372
           2.66            382
           2.67            435
           2.68            384
           2.69            422
            2.7            371
           2.71            390
           2.72            410
           2.73            404
           2.74            395
           2.75            364
           2.76            447
           2.77            427
           2.78            407
           2.79            388
            2.8            407
           2.81            406
           2.82            401
           2.83            386
           2.84            404
           2.85            409
           2.86            422
           2.87            407
           2.88            395
           2.89            396
            2.9            411
           2.91            408
           2.92            396
           2.93            384
           2.94            401
           2.95            412
           2.96            415
           2.97            399
           2.98            446
           2.99            405
              3            418
           3.01            420
           3.02            408
           3.03            431
           3.04            402
           3.05            410
           3.06            393
           3.07            396
           3.08            437
           3.09            401
            3.1            418
           3.11            403
           3.12            405
           3.13            439
           3.14            413
           3.15            415
           3.16            411
           3.17            422
           3.18            363
           3.19            465
            3.2            404
           3.21            406
           3.22            427
           3.23            424
           3.24            407
           3.25            441
           3.26            418
           3.27            416
           3.28            428
           3.29            421
            3.3            420
           3.31            449
           3.32            458
           3.33            391
           3.34            429
           3.35            437
           3.36            407
           3.37            435
           3.38            453
           3.39            415
            3.4            425
           3.41            400
           3.42            452
           3.43            440
           3.44            421
           3.45            418
           3.46            443
           3.47            383
           3.48            424
           3.49            418
            3.5            430
           3.51            394
           3.52            397
           3.53            424
           3.54            413
           3.55            439
           3.56            410
           3.57            448
           3.58            411
           3.59            399
            3.6            381
           3.61            410
           3.62            404
           3.63            387
           3.64            425
           3.65            416
           3.66            396
           3.67            430
           3.68            401
           3.69            400
            3.7            422
           3.71            454
           3.72            394
           3.73            415
           3.74            420
           3.75            437
           3.76            422
           3.77            404
           3.78            384
           3.79            414
            3.8            403
           3.81            414
           3.82            407
           3.83            382
           3.84            442
           3.85            431
           3.86            412
           3.87            399
           3.88            413
           3.89            414
            3.9            413
           3.91            435
           3.92            424
           3.93            421
           3.94            416
           3.95            386
           3.96            436
           3.97            411
           3.98            402
           3.99            380
              4            432
           4.01            417
           4.02            402
           4.03            393
           4.04            441
           4.05            431
           4.06            445
           4.07            424
           4.08            410
           4.09            408
            4.1            436
           4.11            411
           4.12            416
           4.13            364
           4.14            397
           4.15            424
           4.16            433
           4.17            467
           4.18            421
           4.19            421
            4.2            372
           4.21            434
           4.22            414
           4.23            409
           4.24            394
           4.25            407
           4.26            434
           4.27            418
           4.28            413
           4.29            414
            4.3            393
           4.31            418
           4.32            411
           4.33            401
           4.34            417
           4.35            388
           4.36            400
           4.37            405
           4.38            398
           4.39            399
            4.4            400
           4.41            401
           4.42            391
           4.43            403
           4.44            365
           4.45            441
           4.46            414
           4.47            415
           4.48            420
           4.49            413
            4.5            418
           4.51            426
           4.52            410
           4.53            399
           4.54            413
           4.55            435
           4.56            386
           4.57            448
           4.58            439
           4.59            442
            4.6            397
           4.61            414
           4.62            422
           4.63            439
           4.64            454
           4.65            425
           4.66            398
           4.67            417
           4.68            416
           4.69            417
            4.7            421
           4.71            425
           4.72            378
           4.73            412
           4.74            372
           4.75            398
           4.76            397
           4.77            373
           4.78            410
           4.79            425
            4.8            418
           4.81            389
           4.82            423
           4.83            393
           4.84            418
           4.85            400
           4.86            412
           4.87            442
           4.88            404
           4.89            409
            4.9            399
           4.91            434
           4.92            414
           4.93            403
           4.94            403
           4.95            368
           4.96            419
           4.97            394
           4.98            381
           4.99            401
              5            414
           5.01            385
           5.02            420
           5.03            390
           5.04            403
           5.05            403
           5.06            389
           5.07            419
           5.08            382
           5.09            387
            5.1            393
           5.11            419
           5.12            376
           5.13            409
           5.14            403
           5.15            423
           5.16            423
           5.17            385
           5.18            407
           5.19            420
            5.2            428
           5.21            440
           5.22            424
           5.23            408
           5.24            424
           5.25            431
           5.26            415
           5.27            393
           5.28            429
           5.29            395
            5.3            392
           5.31            424
           5.32            420
           5.33            396
           5.34            409
           5.35            416
           5.36            395
           5.37            436
           5.38            434
           5.39            428
            5.4            424
           5.41            386
           5.42            414
           5.43            413
           5.44            427
           5.45            403
           5.46            436
           5.47            400
           5.48            402
           5.49            385
            5.5            408
           5.51            424
           5.52            397
           5.53            415
           5.54            453
           5.55            425
           5.56            414
           5.57            410
           5.58            432
           5.59            412
            5.6            419
           5.61            437
           5.62            434
           5.63            414
           5.64            413
           5.65            415
           5.66            435
           5.67            446
           5.68            397
           5.69            441
            5.7            408
           5.71            416
           5.72            396
           5.73            431
           5.74            434
           5.75            435
           5.76            433
           5.77            468
           5.78            432
           5.79            422
            5.8            427
           5.81            397
           5.82            392
           5.83            475
           5.84            436
           5.85            425
           5.86            398
           5.87            427
           5.88            382
           5.89            393
            5.9            407
           5.91            418
           5.92            427
           5.93            417
           5.94            415
           5.95            432
           5.96            441
           5.97            407
           5.98            394
           5.99            415
              6            430
           6.01            441
           6.02            374
           6.03            431
           6.04            410
           6.05            396
           6.06            382
           6.07            410
           6.08            414
           6.09            408
            6.1            433
           6.11            387
           6.12            434
           6.13            409
           6.14            387
           6.15            364
           6.16            377
           6.17            443
           6.18            377
           6.19            410
            6.2            402
           6.21            396
           6.22            398
           6.23            415
           6.24            386
           6.25            412
           6.26            409
           6.27            427
           6.28            419
           6.29            421
            6.3            407
           6.31            423
           6.32            423
           6.33            411
           6.34            430
           6.35            382
           6.36            467
           6.37            415
           6.38            402
           6.39            468
            6.4            421
           6.41            410
           6.42            405
           6.43            430
           6.44            458
           6.45            435
           6.46            438
           6.47            456
           6.48            455
           6.49            403
            6.5            447
           6.51            431
           6.52            416
           6.53            406
           6.54            407
           6.55            421
           6.56            403
           6.57            420
           6.58            436
           6.59            461
            6.6            414
           6.61            410
           6.62            390
           6.63            424
           6.64            380
           6.65            404
           6.66            456
           6.67            408
           6.68            435
           6.69            462
            6.7            468
           6.71            463
           6.72            461
           6.73            484
           6.74            464
           6.75            465
           6.76            449
           6.77            476
           6.78            443
           6.79            427
            6.8            444
           6.81            440
           6.82            437
           6.83            440
           6.84            448
           6.85            465
           6.86            500
           6.87            408
           6.88            488
           6.89            448
            6.9            447
           6.91            421
           6.92            464
           6.93            423
           6.94            473
           6.95            434
           6.96            420
           6.97            462
           6.98            453
           6.99            465
              7            463
           7.01            412
           7.02            444
           7.03            439
           7.04            433
           7.05            436
           7.06            438
           7.07            466
           7.08            446
           7.09            463
            7.1            456
           7.11            463
           7.12            484
           7.13            503
           7.14            465
           7.15            428
           7.16            479
           7.17            448
           7.18            452
           7.19            456
            7.2            459
           7.21            467
           7.22            485
           7.23            461
           7.24            487
           7.25            462
           7.26            488
           7.27            429
           7.28            468
           7.29            451
            7.3            463
           7.31            472
           7.32            408
           7.33            441
           7.34            419
           7.35            448
           7.36            411
           7.37            434
           7.38            431
           7.39            435
            7.4            406
           7.41            440
           7.42            420
           7.43            394
           7.44            460
           7.45            410
           7.46            409
           7.47            414
           7.48            444
           7.49            428
            7.5            412
           7.51            437
           7.52            386
           7.53            426
           7.54            432
           7.55            419
           7.56            437
           7.57            420
           7.58            408
           7.59            402
            7.6            399
           7.61            438
           7.62            407
           7.63            380
           7.64            403
           7.65            400
           7.66            428
           7.67            402
           7.68            414
           7.69            374
            7.7            428
           7.71            389
           7.72            389
           7.73            438
           7.74            394
           7.75            421
           7.76            397
           7.77            436
           7.78            386
           7.79            385
            7.8            432
           7.81            377
           7.82            374
           7.83            392
           7.84            382
           7.85            378
           7.86            371
           7.87            411
           7.88            376
           7.89            367
            7.9            392
           7.91            399
           7.92            399
           7.93            389
           7.94            371
           7.95            345
           7.96            372
           7.97            432
           7.98            413
           7.99            370
              8            411
           8.01            411
           8.02            448
           8.03            428
           8.04            428
           8.05            407
           8.06            483
           8.07            424
           8.08            416
           8.09            402
            8.1            424
           8.11            404
           8.12            384
           8.13            409
           8.14            395
           8.15            391
           8.16            444
           8.17            432
           8.18            435
           8.19            392
            8.2            378
           8.21            421
           8.22            403
           8.23            393
           8.24            403
           8.25            375
           8.26            410
           8.27            386
           8.28            406
           8.29            353
            8.3            420
           8.31            396
           8.32            435
           8.33            406
           8.34            402
           8.35            425
           8.36            399
           8.37            449
           8.38            393
           8.39            406
            8.4            392
           8.41            410
           8.42            429
           8.43            411
           8.44            384
           8.45            421
           8.46            425
           8.47            392
           8.48            422
           8.49            403
            8.5            445
           8.51            398
           8.52            433
           8.53            433
           8.54            405
           8.55            409
           8.56            414
           8.57            425
           8.58            387
           8.59            396
            8.6            426
           8.61            401
           8.62            414
           8.63            397
           8.64            390
           8.65            425
           8.66            389
           8.67            379
           8.68            453
           8.69            401
            8.7            399
           8.71            407
           8.72            368
           8.73            412
           8.74            407
           8.75            447
           8.76            409
           8.77            413
           8.78            410
           8.79            388
            8.8            416
           8.81            421
           8.82            396
           8.83            416
           8.84            434
           8.85            401
           8.86            415
           8.87            447
           8.88            458
           8.89            443
            8.9            433
           8.91            431
           8.92            421
           8.93            416
           8.94            431
           8.95            422
           8.96            437
           8.97            410
           8.98            409
           8.99            424
              9            413
           9.01            432
           9.02            386
           9.03            411
           9.04            399
           9.05            407
           9.06            405
           9.07            390
           9.08            387
           9.09            386
            9.1            395
           9.11            414
           9.12            398
           9.13            387
           9.14            411
           9.15            386
           9.16            418
           9.17            385
           9.18            401
           9.19            394
            9.2            405
           9.21            437
           9.22            358
           9.23            391
           9.24            370
           9.25            375
           9.26            394
           9.27            362
           9.28            369
           9.29            362
            9.3            386
           9.31            379
           9.32            400
           9.33            362
           9.34            376
           9.35            370
           9.36            361
           9.37            374
           9.38            363
           9.39            362
            9.4            346
           9.41            361
           9.42            356
           9.43            352
           9.44            361
           9.45            378
           9.46            352
           9.47            378
           9.48            388
           9.49            357
            9.5            359
           9.51            339
           9.52            373
           9.53            350
           9.54            390
           9.55            386
           9.56            371
           9.57            354
           9.58            379
           9.59            381
            9.6            376
           9.61            419
           9.62            399
           9.63            407
           9.64            390
           9.65            385
           9.66            365
           9.67            387
           9.68            375
           9.69            363
            9.7            388
           9.71            384
           9.72            348
           9.73            381
           9.74            396
           9.75            398
           9.76            373
           9.77            388
           9.78            402
           9.79            349
            9.8            359
           9.81            366
           9.82            395
           9.83            335
           9.84            362
           9.85            390
           9.86            378
           9.87            371
           9.88            404
           9.89            380
            9.9            384
           9.91            363
           9.92            397
           9.93            410
           9.94            405
           9.95            378
           9.96            387
           9.97            417
           9.98            425
           9.99            401
