              0             87
           0.01            111
           0.02             93
           0.03             84
           0.04             99
           0.05            106
           0.06            105
           0.07             98
           0.08             86
           0.09            112
            0.1            106
           0.11             91
           0.12             84
           0.13             93
           0.14             92
           0.15             94
           0.16            102
           0.17            113
           0.18             88
           0.19            104
            0.2             98
           0.21             85
           0.22            100
           0.23            103
           0.24             93
           0.25            437
           0.26            513
           0.27            504
           0.28            499
           0.29            499
            0.3            449
           0.31            479
           0.32            524
           0.33            514
           0.34            472
           0.35            493
           0.36            486
           0.37            459
           0.38            491
           0.39            498
            0.4            508
           0.41            520
           0.42            484
           0.43            511
           0.44            487
           0.45            518
           0.46            452
           0.47            527
           0.48            464
           0.49            502
            0.5            515
           0.51            489
           0.52            500
           0.53            537
           0.54            503
           0.55            472
           0.56            488
           0.57            517
           0.58            513
           0.59            527
            0.6            488
           0.61            484
           0.62            504
           0.63            483
           0.64            463
           0.65            491
           0.66            496
           0.67            498
           0.68            478
           0.69            455
            0.7            502
           0.71            485
           0.72            493
           0.73            503
           0.74            519
           0.75            528
           0.76            461
           0.77            494
           0.78            482
           0.79            519
            0.8            505
           0.81            478
           0.82            540
           0.83            504
           0.84            471
           0.85            478
           0.86            459
           0.87            494
           0.88            531
           0.89            534
            0.9            512
           0.91            517
           0.92            483
           0.93            512
           0.94            523
           0.95            477
           0.96            500
           0.97            523
           0.98            519
           0.99            495
              1            373
           1.01            385
           1.02            399
           1.03            387
           1.04            371
           1.05            429
           1.06            418
           1.07            406
           1.08            384
           1.09            421
            1.1            381
           1.11            426
           1.12            440
           1.13            398
           1.14            381
           1.15            404
           1.16            362
           1.17            407
           1.18            376
           1.19            367
            1.2            399
           1.21            436
           1.22            420
           1.23            422
           1.24            418
           1.25            387
           1.26            411
           1.27            399
           1.28            380
           1.29            391
            1.3            380
           1.31            415
           1.32            425
           1.33            384
           1.34            423
           1.35            388
           1.36            427
           1.37            399
           1.38            373
           1.39            404
            1.4            352
           1.41            398
           1.42            415
           1.43            395
           1.44            392
           1.45            396
           1.46            425
           1.47            431
           1.48            406
           1.49            388
            1.5            397
           1.51            363
           1.52            401
           1.53            418
           1.54            398
           1.55            445
           1.56            355
           1.57            415
           1.58            400
           1.59            394
            1.6            416
           1.61            423
           1.62            419
           1.63            406
           1.64            430
           1.65            418
           1.66            387
           1.67            423
           1.68            396
           1.69            380
            1.7            391
           1.71            366
           1.72            412
           1.73            398
           1.74            400
           1.75            378
           1.76            397
           1.77            392
           1.78            411
           1.79            410
            1.8            440
           1.81            373
           1.82            427
           1.83            425
           1.84            379
           1.85            374
           1.86            419
           1.87            415
           1.88            418
           1.89            407
            1.9            425
           1.91            372
           1.92            419
           1.93            408
           1.94            425
           1.95            401
           1.96            385
           1.97            407
           1.98            401
           1.99            420
              2            417
           2.01            401
           2.02            424
           2.03            418
           2.04            383
           2.05            438
           2.06            403
           2.07            395
           2.08            398
           2.09            413
            2.1            400
           2.11            442
           2.12            409
           2.13            382
           2.14            405
           2.15            383
           2.16            435
           2.17            416
           2.18            406
           2.19            389
            2.2            393
           2.21            396
           2.22            434
           2.23            434
           2.24            442
           2.25            404
           2.26            402
           2.27            388
           2.28            403
           2.29            432
            2.3            400
           2.31            421
           2.32            444
           2.33            386
           2.34            411
           2.35            386
           2.36            403
           2.37            397
           2.38            404
           2.39            415
            2.4            414
           2.41            421
           2.42            399
           2.43            435
           2.44            383
           2.45            401
           2.46            396
           2.47            392
           2.48            407
           2.49            429
            2.5            440
           2.51            431
           2.52            430
           2.53            403
           2.54            435
           2.55            411
           2.56            434
           2.57            416
           2.58            391
           2.59            404
            2.6            368
           2.61            413
           2.62            388
           2.63            419
           2.64            431
           2.65            435
           2.66            390
           2.67            420
           2.68            411
           2.69            388
            2.7            397
           2.71            426
           2.72            416
           2.73            395
           2.74            430
           2.75            423
           2.76            432
           2.77            403
           2.78            379
           2.79            406
            2.8            391
           2.81            374
           2.82            397
           2.83            402
           2.84            416
           2.85            386
           2.86            411
           2.87            377
           2.88            408
           2.89            415
            2.9            384
           2.91            378
           2.92            418
           2.93            422
           2.94            363
           2.95            413
           2.96            404
           2.97            405
           2.98            414
           2.99            346
              3            399
           3.01            401
           3.02            415
           3.03            423
           3.04            406
           3.05            394
           3.06            425
           3.07            353
           3.08            381
           3.09            391
            3.1            401
           3.11            372
           3.12            387
           3.13            341
           3.14            390
           3.15            394
           3.16            437
           3.17            421
           3.18            409
           3.19            393
            3.2            400
           3.21            462
           3.22            400
           3.23            398
           3.24            415
           3.25            408
           3.26            407
           3.27            392
           3.28            413
           3.29            408
            3.3            402
           3.31            413
           3.32            416
           3.33            408
           3.34            410
           3.35            415
           3.36            350
           3.37            391
           3.38            424
           3.39            407
            3.4            383
           3.41            391
           3.42            381
           3.43            421
           3.44            404
           3.45            400
           3.46            396
           3.47            386
           3.48            405
           3.49            439
            3.5            422
           3.51            398
           3.52            426
           3.53            405
           3.54            429
           3.55            435
           3.56            409
           3.57            360
           3.58            387
           3.59            423
            3.6            405
           3.61            387
           3.62            398
           3.63            369
           3.64            385
           3.65            387
           3.66            395
           3.67            392
           3.68            398
           3.69            416
            3.7            420
           3.71            407
           3.72            400
           3.73            382
           3.74            403
           3.75            438
           3.76            402
           3.77            374
           3.78            389
           3.79            408
            3.8            427
           3.81            401
           3.82            414
           3.83            376
           3.84            404
           3.85            373
           3.86            416
           3.87            403
           3.88            414
           3.89            408
            3.9            409
           3.91            414
           3.92            424
           3.93            364
           3.94            387
           3.95            433
           3.96            407
           3.97            384
           3.98            428
           3.99            412
              4            420
           4.01            425
           4.02            460
           4.03            434
           4.04            402
           4.05            417
           4.06            396
           4.07            362
           4.08            395
           4.09            412
            4.1            426
           4.11            417
           4.12            410
           4.13            407
           4.14            408
           4.15            393
           4.16            427
           4.17            393
           4.18            371
           4.19            408
            4.2            445
           4.21            415
           4.22            368
           4.23            386
           4.24            425
           4.25            425
           4.26            393
           4.27            371
           4.28            373
           4.29            394
            4.3            477
           4.31            396
           4.32            412
           4.33            406
           4.34            401
           4.35            395
           4.36            406
           4.37            404
           4.38            408
           4.39            372
            4.4            415
           4.41            409
           4.42            401
           4.43            425
           4.44            398
           4.45            405
           4.46            390
           4.47            405
           4.48            383
           4.49            416
            4.5            439
           4.51            426
           4.52            414
           4.53            445
           4.54            370
           4.55            402
           4.56            372
           4.57            402
           4.58            391
           4.59            406
            4.6            403
           4.61            406
           4.62            400
           4.63            412
           4.64            390
           4.65            382
           4.66            370
           4.67            397
           4.68            383
           4.69            420
            4.7            420
           4.71            383
           4.72            369
           4.73            409
           4.74            425
           4.75            397
           4.76            411
           4.77            408
           4.78            398
           4.79            364
            4.8            386
           4.81            379
           4.82            401
           4.83            381
           4.84            400
           4.85            415
           4.86            388
           4.87            393
           4.88            435
           4.89            404
            4.9            424
           4.91            373
           4.92            379
           4.93            426
           4.94            427
           4.95            381
           4.96            406
           4.97            420
           4.98            410
           4.99            373
              5            413
           5.01            364
           5.02            420
           5.03            378
           5.04            428
           5.05            380
           5.06            394
           5.07            412
           5.08            418
           5.09            426
            5.1            427
           5.11            390
           5.12            394
           5.13            391
           5.14            404
           5.15            442
           5.16            401
           5.17            385
           5.18            437
           5.19            384
            5.2            427
           5.21            412
           5.22            403
           5.23            362
           5.24            393
           5.25            434
           5.26            460
           5.27            407
           5.28            417
           5.29            413
            5.3            365
           5.31            395
           5.32            404
           5.33            401
           5.34            410
           5.35            411
           5.36            424
           5.37            416
           5.38            414
           5.39            427
            5.4            430
           5.41            414
           5.42            376
           5.43            373
           5.44            419
           5.45            379
           5.46            442
           5.47            375
           5.48            383
           5.49            399
            5.5            353
           5.51            391
           5.52            431
           5.53            402
           5.54            349
           5.55            416
           5.56            394
           5.57            398
           5.58            368
           5.59            398
            5.6            434
           5.61            439
           5.62            418
           5.63            428
           5.64            385
           5.65            405
           5.66            406
           5.67            388
           5.68            399
           5.69            382
            5.7            399
           5.71            388
           5.72            406
           5.73            413
           5.74            390
           5.75            418
           5.76            377
           5.77            404
           5.78            410
           5.79            423
            5.8            378
           5.81            369
           5.82            407
           5.83            384
           5.84            391
           5.85            353
           5.86            377
           5.87            402
           5.88            411
           5.89            401
            5.9            401
           5.91            398
           5.92            425
           5.93            399
           5.94            381
           5.95            380
           5.96            395
           5.97            414
           5.98            389
           5.99            365
              6            416
           6.01            412
           6.02            392
           6.03            405
           6.04            402
           6.05            410
           6.06            376
           6.07            410
           6.08            440
           6.09            406
            6.1            393
           6.11            410
           6.12            411
           6.13            380
           6.14            420
           6.15            400
           6.16            407
           6.17            418
           6.18            401
           6.19            405
            6.2            394
           6.21            389
           6.22            374
           6.23            382
           6.24            386
           6.25            417
           6.26            386
           6.27            410
           6.28            403
           6.29            382
            6.3            397
           6.31            414
           6.32            378
           6.33            374
           6.34            408
           6.35            405
           6.36            420
           6.37            408
           6.38            437
           6.39            378
            6.4            386
           6.41            424
           6.42            408
           6.43            380
           6.44            401
           6.45            399
           6.46            397
           6.47            414
           6.48            442
           6.49            461
            6.5            385
           6.51            419
           6.52            370
           6.53            402
           6.54            388
           6.55            391
           6.56            400
           6.57            413
           6.58            384
           6.59            394
            6.6            395
           6.61            416
           6.62            400
           6.63            392
           6.64            397
           6.65            405
           6.66            397
           6.67            401
           6.68            363
           6.69            397
            6.7            392
           6.71            400
           6.72            390
           6.73            404
           6.74            388
           6.75            401
           6.76            411
           6.77            396
           6.78            381
           6.79            377
            6.8            408
           6.81            407
           6.82            420
           6.83            415
           6.84            395
           6.85            455
           6.86            422
           6.87            382
           6.88            399
           6.89            432
            6.9            376
           6.91            397
           6.92            425
           6.93            373
           6.94            406
           6.95            416
           6.96            431
           6.97            417
           6.98            409
           6.99            390
              7            397
           7.01            392
           7.02            435
           7.03            410
           7.04            403
           7.05            374
           7.06            423
           7.07            396
           7.08            426
           7.09            416
            7.1            425
           7.11            417
           7.12            383
           7.13            383
           7.14            394
           7.15            385
           7.16            369
           7.17            380
           7.18            393
           7.19            397
            7.2            416
           7.21            387
           7.22            413
           7.23            379
           7.24            423
           7.25            400
           7.26            424
           7.27            393
           7.28            383
           7.29            436
            7.3            402
           7.31            393
           7.32            432
           7.33            381
           7.34            419
           7.35            393
           7.36            410
           7.37            394
           7.38            387
           7.39            405
            7.4            417
           7.41            391
           7.42            410
           7.43            402
           7.44            382
           7.45            419
           7.46            389
           7.47            395
           7.48            398
           7.49            387
            7.5            377
           7.51            413
           7.52            386
           7.53            431
           7.54            398
           7.55            425
           7.56            408
           7.57            433
           7.58            418
           7.59            420
            7.6            449
           7.61            402
           7.62            441
           7.63            430
           7.64            411
           7.65            417
           7.66            377
           7.67            399
           7.68            393
           7.69            422
            7.7            420
           7.71            428
           7.72            391
           7.73            363
           7.74            386
           7.75            391
           7.76            429
           7.77            391
           7.78            391
           7.79            415
            7.8            393
           7.81            428
           7.82            421
           7.83            379
           7.84            392
           7.85            432
           7.86            375
           7.87            412
           7.88            402
           7.89            427
            7.9            437
           7.91            419
           7.92            394
           7.93            423
           7.94            384
           7.95            418
           7.96            396
           7.97            388
           7.98            421
           7.99            419
              8            404
           8.01            395
           8.02            395
           8.03            413
           8.04            403
           8.05            388
           8.06            392
           8.07            397
           8.08            403
           8.09            396
            8.1            407
           8.11            390
           8.12            404
           8.13            374
           8.14            417
           8.15            398
           8.16            419
           8.17            385
           8.18            391
           8.19            395
            8.2            420
           8.21            423
           8.22            405
           8.23            433
           8.24            383
           8.25            404
           8.26            410
           8.27            406
           8.28            383
           8.29            391
            8.3            400
           8.31            407
           8.32            404
           8.33            397
           8.34            417
           8.35            416
           8.36            414
           8.37            376
           8.38            416
           8.39            400
            8.4            385
           8.41            390
           8.42            389
           8.43            408
           8.44            399
           8.45            415
           8.46            395
           8.47            392
           8.48            398
           8.49            384
            8.5            390
           8.51            405
           8.52            385
           8.53            391
           8.54            408
           8.55            410
           8.56            414
           8.57            406
           8.58            406
           8.59            380
            8.6            391
           8.61            387
           8.62            419
           8.63            390
           8.64            417
           8.65            426
           8.66            384
           8.67            375
           8.68            428
           8.69            413
            8.7            391
           8.71            396
           8.72            390
           8.73            405
           8.74            441
           8.75            426
           8.76            412
           8.77            430
           8.78            399
           8.79            410
            8.8            403
           8.81            413
           8.82            419
           8.83            394
           8.84            366
           8.85            388
           8.86            419
           8.87            388
           8.88            406
           8.89            402
            8.9            378
           8.91            413
           8.92            395
           8.93            379
           8.94            379
           8.95            405
           8.96            429
           8.97            415
           8.98            421
           8.99            394
              9            374
           9.01            452
           9.02            415
           9.03            390
           9.04            401
           9.05            430
           9.06            425
           9.07            406
           9.08            400
           9.09            420
            9.1            412
           9.11            427
           9.12            420
           9.13            368
           9.14            416
           9.15            415
           9.16            397
           9.17            426
           9.18            409
           9.19            394
            9.2            363
           9.21            403
           9.22            394
           9.23            373
           9.24            410
           9.25            371
           9.26            394
           9.27            405
           9.28            382
           9.29            407
            9.3            436
           9.31            416
           9.32            409
           9.33            392
           9.34            394
           9.35            394
           9.36            414
           9.37            422
           9.38            381
           9.39            431
            9.4            400
           9.41            376
           9.42            414
           9.43            386
           9.44            413
           9.45            373
           9.46            369
           9.47            403
           9.48            376
           9.49            381
            9.5            408
           9.51            398
           9.52            407
           9.53            380
           9.54            389
           9.55            393
           9.56            388
           9.57            430
           9.58            429
           9.59            429
            9.6            391
           9.61            406
           9.62            411
           9.63            396
           9.64            399
           9.65            400
           9.66            399
           9.67            428
           9.68            399
           9.69            420
            9.7            395
           9.71            388
           9.72            416
           9.73            353
           9.74            407
           9.75            388
           9.76            388
           9.77            429
           9.78            398
           9.79            377
            9.8            398
           9.81            412
           9.82            396
           9.83            414
           9.84            411
           9.85            413
           9.86            409
           9.87            395
           9.88            406
           9.89            385
            9.9            403
           9.91            437
           9.92            414
           9.93            372
           9.94            370
           9.95            421
           9.96            415
           9.97            435
           9.98            401
           9.99            403
