            msm           lcm             std
           5227          27087            130
           3215          65489            498
           3362          62011            364
           3030          63309            283
           1809          29585            360
           2724          56228            176
           4201          22806            795
           6484           6562            258
            422          33465            220
           7808          19543            999
           9648          23985            325
            839          29450            241
            392          46103            436
           5366          49875            264
           7939           5090            759
            277          54139            395
           7672          62742            329
           8595          52597             75
           8740          12629            974
           3876          29731            999
            233           1641            264
           5428          57612            728
           4631          61069            311
           4461          58196            263
           9005          39332            326
            900            809            952
           1000          60749            909
              0          34196            220
              0           8831            122
              0           7029            382
              0           2953             82
              0          24938             76
              0          35388            301
              0          32694            331
              0          27255            971
              0          12552            322
              0          23956            368
              0          27275            327
              0          14052            678
              0           5382            948
              0          10502             92
              0           1280            598
              0          30537            411
              0          62091            645
              0           3772            732
              0          20826            637
              0          54673            910
              0          37255            797
              0          41645            557
              0          43210             95
              0          29511            621
              0          50678            240
              0          65315            449
              0          48961            762
              0           2077            668
              0          24775            920
              0          23163            842
              0          33337             40
              0           9943            896
              0          24892            741
              0          31938            248
              0          36092            807
              0          19957            736
              0          55035            861
              0          64405            434
              0          46248            773
              0          60750            907
              0          34271            372
              0          14456            783
              0          35682            941
              0          54744            175
              0          42580            852
              0          47798            750
              0          45926            754
              0          36600            983
              0          58057             49
              0          28907            406
              0           5378            453
              0          10202            630
              0          44317            985
              0          46999             91
              0          51538            946
              0          64278            764
              0          36723            216
              0           1745            254
              0          65412            759
              0          56236            924
              0          23406            563
              0          51562            574
              0            541             11
              0          40649            371
              0          34047            732
              0          63193            557
              0          20885            446
              0          59098            965
              0          41445            199
              0          28210             68
              0          18640            121
              0          21797            663
              0          61961            438
